64 0.000007 0.000106 2.188100506
128 0.000035 0.000502 1.571685621
256 0.000216 0.000717 1.553885351
512 0.001560 0.001770 1.689032736
1024 0.018208 0.005537 2.104009357
2048 0.303779 0.008841 3.721817123
4096 2.507328 0.266327 11.348024299
64 0.000007 0.000377 1.565711525
128 0.000034 0.000413 1.548628457
256 0.000225 0.000255 1.58841501
512 0.001547 0.001791 1.693939028
1024 0.018205 0.005784 2.132495432
2048 0.301807 0.008630 3.640995532
4096 2.495548 0.363986 11.29901575
64 0.000007 0.000081 1.566881854
128 0.000034 0.000521 1.578520865
256 0.000216 0.000272 1.620847477
512 0.001554 0.001811 1.633428984
1024 0.017885 0.005643 2.072301506
2048 0.299703 0.009177 3.660766103
4096 2.504030 0.281012 11.723283868
64 0.000007 0.000095 1.567898052
128 0.000034 0.000465 1.536401321
256 0.000216 0.000263 1.636988459
512 0.001560 0.001700 1.695442362
1024 0.018067 0.002294 2.100054943
2048 0.301520 0.010049 3.661707355
4096 2.500270 0.266244 11.235236657
64 0.000007 0.000090 1.550495109
128 0.000034 0.000114 1.55177342
256 0.000216 0.000790 1.576634308
512 0.001553 0.001812 1.626006318
1024 0.017928 0.005343 2.158755873
2048 0.300237 0.010092 3.625039296
4096 2.515343 0.189631 11.176098096
64 0.000007 0.000093 1.554943942
128 0.000034 0.000466 1.580204043
256 0.000216 0.000763 1.638878922
512 0.001554 0.001789 1.641831476
1024 0.018310 0.004568 2.091001884
2048 0.300045 0.008447 3.647521243
4096 2.489249 0.272149 11.226940631
64 0.000007 0.000083 1.545349059
128 0.000034 0.000132 1.548761995
256 0.000217 0.000257 1.584782221
512 0.001566 0.001793 1.639428437
1024 0.018431 0.005439 2.108409372
2048 0.300764 0.009389 3.72651118
4096 2.488105 0.179516 11.176149101
64 0.000007 0.000396 1.519368616
128 0.000034 0.000127 1.559143777
256 0.000216 0.000768 1.6211133
512 0.001556 0.001826 1.633577967
1024 0.018487 0.005689 2.092114398
2048 0.301172 0.008100 3.66401066
4096 2.491206 0.211249 11.134392113
64 0.000007 0.000087 1.589226998
128 0.000034 0.000463 1.544698283
256 0.000216 0.000252 1.549813816
512 0.001552 0.001733 1.64845557
1024 0.018295 0.005013 2.146629531
2048 0.299415 0.010631 3.65352105
4096 2.487287 0.207052 11.171714943
64 0.000007 0.000379 1.564502513
128 0.000034 0.000457 1.597134715
256 0.000216 0.000772 1.562232593
512 0.001556 0.001705 1.679119248
1024 0.017713 0.005641 2.092120474
2048 0.299999 0.008910 3.659681757
4096 2.494464 0.292677 11.214981496
64 0.000007 0.000086 1.835079015
128 0.000034 0.000115 1.595298879
256 0.000226 0.000273 1.608249346
512 0.001562 0.001750 1.670883324
1024 0.017967 0.005936 2.140218662
2048 0.301431 0.031758 3.713726089
4096 2.534227 0.269248 11.227838188
64 0.000007 0.000397 1.613248252
128 0.000034 0.000124 1.575078036
256 0.000216 0.000241 1.567988363
512 0.001555 0.001701 1.680620479
1024 0.018827 0.005339 2.128766275
2048 0.299683 0.009650 3.614945687
4096 2.544298 0.181092 11.191806032
64 0.000007 0.000091 1.592656211
128 0.000034 0.000122 1.580938849
256 0.000216 0.000254 1.573462468
512 0.001573 0.001817 1.682575554
1024 0.017872 0.005858 2.111979533
2048 0.299714 0.009217 3.63408999
4096 2.514730 0.219052 11.159938238
64 0.000007 0.000095 1.560579875
128 0.000037 0.000105 1.540319573
256 0.000216 0.000567 1.597130602
512 0.001562 0.001805 1.662160426
1024 0.018114 0.005269 2.093273842
2048 0.299621 0.031676 3.723715097
4096 2.495353 0.214457 11.193351286
64 0.000007 0.000386 1.59065274
128 0.000034 0.000135 1.557108683
256 0.000216 0.000708 1.593132675
512 0.001549 0.001729 1.666975003
1024 0.019064 0.004759 2.099067261
2048 0.299420 0.029353 3.639928319
4096 2.487775 0.647752 11.581580678
64 0.000007 0.000104 1.603243827
128 0.000034 0.000131 1.543474381
256 0.000216 0.000250 1.594683362
512 0.001571 0.001814 1.630786967
1024 0.018051 0.005901 2.100755885
2048 0.299937 0.010384 3.692385293
4096 2.501590 0.262913 11.280442066
64 0.000007 0.000090 1.553301141
128 0.000034 0.000463 1.587869981
256 0.000216 0.000554 1.623246821
512 0.001563 0.001764 1.656853669
1024 0.018163 0.005735 2.139408986
2048 0.301207 0.010855 3.656223014
4096 2.495518 0.180495 11.127309478
64 0.000007 0.000097 1.572707485
128 0.000034 0.000500 1.559244433
256 0.000216 0.000274 1.610766302
512 0.001555 0.001751 1.685363704
1024 0.017972 0.005545 2.129892879
2048 0.300218 0.008734 3.667723038
4096 2.497721 0.186237 11.041866901
64 0.000007 0.000355 1.56984825
128 0.000034 0.000430 1.53861929
256 0.000217 0.000650 1.563208352
512 0.001557 0.001810 1.693093679
1024 0.018266 0.004662 2.072028022
2048 0.299042 0.029430 3.70600255
4096 2.495481 0.214826 11.193103314
64 0.000007 0.000371 1.586896325
128 0.000034 0.000144 1.604370437
256 0.000229 0.000250 1.619012827
512 0.001621 0.001612 1.651450182
1024 0.018097 0.005645 2.12605503
2048 0.300034 0.010330 3.62697679
4096 2.490819 0.204365 11.16947485
64 0.000007 0.000389 1.580827317
128 0.000034 0.000478 1.60464352
256 0.000216 0.000676 1.562078254
512 0.001559 0.001713 1.645333682
1024 0.017742 0.006161 2.122800139
2048 0.300305 0.008427 3.681406232
4096 2.492782 0.237697 11.157585821
64 0.000007 0.000408 1.539591762
128 0.000034 0.000127 1.543255578
256 0.000217 0.000811 1.590262965
512 0.001560 0.001704 1.697403246
1024 0.017925 0.005540 2.126273077
2048 0.300048 0.008568 3.653269149
4096 2.517645 0.197399 11.246722528
64 0.000007 0.000097 1.600374608
128 0.000034 0.000463 1.523868508
256 0.000216 0.000260 1.597216166
512 0.001559 0.001794 1.686137195
1024 0.018086 0.005087 2.121010949
2048 0.299697 0.009453 3.633104054
4096 2.500536 0.287516 11.285142156
64 0.000007 0.000089 1.573213698
128 0.000035 0.000464 1.566682484
256 0.000216 0.000281 1.5979305
512 0.001595 0.001655 1.628083209
1024 0.017992 0.006437 2.105808843
2048 0.300279 0.009781 3.668072884
4096 2.498229 0.259686 11.21544728
64 0.000007 0.000082 1.570951606
128 0.000034 0.000130 1.580279205
256 0.000232 0.000749 1.562942338
512 0.001553 0.001789 1.647278345
1024 0.019082 0.004759 2.089240306
2048 0.300930 0.009266 3.64834422
4096 2.493592 0.206724 11.19524978
