64 0.000007 0.000416 2.141000255
128 0.000029 0.000462 1.913849545
256 0.000173 0.000742 1.937670951
512 0.001195 0.001641 1.980568203
1024 0.017130 0.000631 2.585299422
2048 0.296338 0.004962 4.087395634
4096 2.472572 0.019689 11.417125801
64 0.000007 0.000414 1.942538469
128 0.000029 0.000473 1.888464824
256 0.000175 0.000758 1.915085808
512 0.001179 0.001636 1.937174752
1024 0.017172 0.000732 2.591947673
2048 0.300133 0.005005 4.039800816
4096 2.448695 0.041363 11.076802768
64 0.000007 0.000406 1.910301557
128 0.000029 0.000462 1.879540469
256 0.000174 0.000745 1.888617546
512 0.001189 0.001606 1.976944799
1024 0.017110 0.000622 2.570233711
2048 0.303414 0.017318 3.977448895
4096 2.453057 0.145065 11.085576831
64 0.000007 0.000397 1.909170714
128 0.000029 0.000482 1.841381516
256 0.000174 0.000770 1.895364391
512 0.001205 0.001628 1.992119957
1024 0.016983 0.000723 2.552086582
2048 0.298945 0.005046 4.048271147
4096 2.436072 0.009411 11.120944126
64 0.000007 0.000408 1.92518647
128 0.000029 0.000474 1.870212815
256 0.000174 0.000745 1.871746201
512 0.001188 0.001643 1.988227356
1024 0.017112 0.000716 2.536045396
2048 0.296124 0.005049 4.052102315
4096 2.427589 0.008789 11.180890095
64 0.000007 0.000402 1.913275285
128 0.000029 0.000465 1.921000897
256 0.000176 0.000735 1.872037658
512 0.001175 0.001619 1.944206517
1024 0.017111 0.000709 2.536666431
2048 0.300148 0.004871 4.030964877
4096 2.445101 0.045898 11.029525283
64 0.000014 0.000675 1.928528842
128 0.000029 0.000479 1.908469943
256 0.000174 0.000752 1.906824547
512 0.001175 0.001681 1.932147751
1024 0.016900 0.000725 2.57898578
2048 0.298249 0.005175 4.006971301
4096 2.419767 0.008868 11.197379981
64 0.000014 0.000677 1.902449424
128 0.000029 0.000476 1.973156
256 0.000174 0.000758 1.93935733
512 0.001182 0.001693 1.991818276
1024 0.017361 0.000835 2.625445663
2048 0.296411 0.005130 4.009119449
4096 2.406494 0.220759 11.017113605
64 0.000007 0.000480 1.882717931
128 0.000044 0.000581 1.935014495
256 0.000179 0.000747 1.873328667
512 0.001183 0.001609 1.955027063
1024 0.017103 0.000710 2.565909817
2048 0.295740 0.017679 4.077325247
4096 2.448411 0.069837 11.077000104
64 0.000007 0.000427 1.927435857
128 0.000029 0.000470 1.903415483
256 0.000194 0.000740 1.896089675
512 0.001265 0.001661 1.968894803
1024 0.016988 0.000807 2.553818698
2048 0.296222 0.004900 4.034149063
4096 2.452496 0.008774 11.044062798
64 0.000007 0.000444 1.962489943
128 0.000029 0.000478 1.972631927
256 0.000173 0.000754 1.88515555
512 0.001185 0.001667 1.994713235
1024 0.017102 0.000725 2.503842694
2048 0.304064 0.005583 3.999303702
4096 2.413820 0.042414 11.07182356
64 0.000007 0.000410 1.900623481
128 0.000029 0.000461 1.930755477
256 0.000173 0.000746 1.896720984
512 0.001190 0.001711 2.017827555
1024 0.021624 0.000864 2.621117116
2048 0.296522 0.016822 4.078655957
4096 2.426983 0.021056 11.102213242
64 0.000007 0.000403 1.901178449
128 0.000029 0.000467 1.854721739
256 0.000174 0.000719 1.926465805
512 0.001177 0.001647 1.966857023
1024 0.016917 0.000734 2.612632423
2048 0.303859 0.005407 4.01503305
4096 2.446916 0.008643 11.020502901
64 0.000007 0.000394 1.890416222
128 0.000047 0.000620 1.886948874
256 0.000174 0.000759 1.877742349
512 0.001178 0.001617 1.941110904
1024 0.016926 0.000783 2.624084511
2048 0.303579 0.005341 4.03565941
4096 2.450478 0.271521 11.104967694
64 0.000007 0.000404 1.914802929
128 0.000029 0.000458 1.860988983
256 0.000174 0.000750 1.950544184
512 0.001176 0.001638 1.937441927
1024 0.017088 0.000717 2.57929935
2048 0.303898 0.005224 3.998156221
4096 2.448388 0.009036 11.195572518
64 0.000007 0.000402 1.890690165
128 0.000062 0.000730 1.878411691
256 0.000182 0.000731 1.940842727
512 0.001180 0.001627 1.948426747
1024 0.017202 0.000718 2.615679368
2048 0.296588 0.017023 3.985678903
4096 2.413129 0.008534 11.063370651
64 0.000007 0.000415 1.882240822
128 0.000029 0.000460 1.889395033
256 0.000173 0.000745 1.883257881
512 0.001181 0.001635 1.976107176
1024 0.016913 0.000715 2.649687644
2048 0.296828 0.018124 4.06759004
4096 2.443938 0.045850 11.09045086
64 0.000007 0.000403 1.88528156
128 0.000029 0.000459 1.875302442
256 0.000174 0.000727 1.911043168
512 0.001182 0.001615 1.93253498
1024 0.017097 0.000721 2.561818756
2048 0.296506 0.005043 4.058248284
4096 2.446754 0.010730 11.159085586
64 0.000007 0.000393 1.861668752
128 0.000062 0.000725 1.838797695
256 0.000174 0.000743 1.980036907
512 0.001189 0.001643 2.032260162
1024 0.017101 0.000719 2.558851177
2048 0.296614 0.004974 4.034104399
4096 2.437066 0.008953 11.10028364
64 0.000007 0.000412 1.893340462
128 0.000029 0.000517 1.88555133
256 0.000174 0.000785 1.889870704
512 0.001188 0.001638 1.973868859
1024 0.021968 0.000860 2.544722392
2048 0.296391 0.005257 4.014921701
4096 2.472002 0.042231 11.249456718
64 0.000014 0.000681 1.887134709
128 0.000029 0.000481 1.890347826
256 0.000174 0.000750 1.916612516
512 0.001176 0.001632 2.027536935
1024 0.017027 0.000710 2.605799613
2048 0.296205 0.018112 4.021357746
4096 2.446830 0.044464 11.102174465
64 0.000014 0.000681 1.928302169
128 0.000029 0.000470 1.89009385
256 0.000185 0.000762 1.930097621
512 0.001176 0.001625 1.936771864
1024 0.017012 0.000725 2.571671257
2048 0.295854 0.005064 4.011387515
4096 2.430393 0.224540 11.112018143
64 0.000007 0.000405 1.926663696
128 0.000029 0.000456 1.922571057
256 0.000174 0.000725 1.887510182
512 0.001184 0.001696 1.989249154
1024 0.017099 0.004176 2.578404529
2048 0.296241 0.017466 3.995459194
4096 2.407844 0.009059 11.084526482
64 0.000007 0.000403 1.875766417
128 0.000029 0.000453 1.867934171
256 0.000175 0.000745 1.876080733
512 0.001179 0.001692 2.049085435
1024 0.017112 0.000712 2.562651668
2048 0.299447 0.005132 4.076450562
4096 2.410723 0.009407 11.05807741
64 0.000009 0.000634 1.843739459
128 0.000054 0.000660 1.922216231
256 0.000173 0.000730 1.890216783
512 0.001175 0.001627 1.934248408
1024 0.017219 0.000714 2.631190752
2048 0.303735 0.005592 4.036109666
4096 2.449538 0.009057 11.114540298
