64 0.000007 0.000161 1.717591121
128 0.000034 0.000141 1.573553202
256 0.000216 0.000248 1.571719592
512 0.001557 0.001772 1.72506561
1024 0.017778 0.009842 2.111742437
2048 0.301062 0.049500 3.664159198
4096 2.479791 0.470245 11.530212784
64 0.000007 0.000089 1.557290991
128 0.000034 0.000134 1.612446257
256 0.000217 0.000324 1.633377375
512 0.001551 0.001829 1.672585189
1024 0.017884 0.009367 2.038871494
2048 0.298093 0.071269 3.661861907
4096 2.476687 0.472737 11.208965314
64 0.000007 0.000082 1.603921706
128 0.000034 0.000141 1.601849224
256 0.000216 0.000246 1.635620402
512 0.001551 0.001634 1.700507426
1024 0.018062 0.016333 2.096609982
2048 0.298607 0.068347 3.650735895
4096 2.480808 0.538955 11.278129581
64 0.000007 0.000158 1.550987257
128 0.000034 0.000214 1.530718097
256 0.000217 0.000281 1.613853843
512 0.001585 0.001835 1.697806736
1024 0.017817 0.013209 2.078721019
2048 0.297984 0.071434 3.63036645
4096 2.485721 0.534710 11.297493533
64 0.000007 0.000098 1.547719653
128 0.000034 0.000116 1.559257446
256 0.000230 0.000556 1.562921677
512 0.001559 0.001746 1.712268438
1024 0.018059 0.015788 2.071072271
2048 0.299235 0.070732 3.652281355
4096 2.487032 0.544081 11.269374557
64 0.000007 0.000121 1.565142351
128 0.000034 0.000138 1.601383462
256 0.000217 0.000246 1.568679744
512 0.001559 0.001741 1.642432516
1024 0.017764 0.016261 2.054815788
2048 0.299323 0.050162 3.628013434
4096 2.479118 0.427202 11.13388433
64 0.000007 0.000134 1.618237857
128 0.000034 0.000126 1.537416793
256 0.000217 0.000383 1.581997802
512 0.001558 0.001668 1.710847308
1024 0.017960 0.010044 2.114659648
2048 0.299271 0.051544 3.659614763
4096 2.482082 0.477307 11.24172172
64 0.000007 0.000149 1.549475329
128 0.000034 0.000314 1.558429896
256 0.000216 0.000262 1.579285165
512 0.001554 0.000909 1.645048285
1024 0.017843 0.012972 2.059812516
2048 0.299181 0.072455 3.606786271
4096 2.493217 0.485009 11.209050696
64 0.000007 0.000084 1.585902843
128 0.000034 0.000120 1.566682632
256 0.000216 0.000262 1.595910628
512 0.001554 0.000938 1.63542121
1024 0.018423 0.010651 2.012538569
2048 0.298697 0.069095 3.644011448
4096 2.484334 0.587892 11.282429675
64 0.000007 0.000117 1.571024256
128 0.000034 0.000179 1.558941978
256 0.000217 0.000421 1.605165372
512 0.001570 0.001705 1.660672221
1024 0.018025 0.012875 2.022414425
2048 0.298878 0.052075 3.555804584
4096 2.485715 0.467594 11.19647325
64 0.000007 0.000108 1.516958586
128 0.000034 0.000235 1.535102319
256 0.000217 0.000250 1.580525619
512 0.001579 0.000961 1.63267589
1024 0.018329 0.010868 2.071517793
2048 0.300491 0.050119 3.589101533
4096 2.482970 0.464233 11.277562581
64 0.000007 0.000096 1.556539925
128 0.000034 0.000125 1.559910332
256 0.000238 0.000541 1.590683833
512 0.001558 0.001701 1.671557349
1024 0.018282 0.010178 2.041069754
2048 0.298605 0.070370 3.610453787
4096 2.485482 0.465335 11.213317389
64 0.000008 0.000148 1.599363945
128 0.000034 0.000120 1.549504444
256 0.000217 0.000432 1.572725178
512 0.001559 0.001772 1.692269507
1024 0.017818 0.010295 2.045548959
2048 0.301153 0.047640 3.610092638
4096 2.485320 0.784722 11.549963085
64 0.000007 0.000106 1.541188926
128 0.000034 0.000180 1.545269336
256 0.000217 0.000317 1.582056691
512 0.001624 0.001642 1.698135349
1024 0.018184 0.011160 2.040483365
2048 0.300221 0.052585 3.66870324
4096 2.485499 0.510447 11.249831518
64 0.000007 0.000105 1.544329773
128 0.000034 0.000131 1.552455045
256 0.000234 0.000236 1.591853607
512 0.001550 0.001788 1.670582572
1024 0.017989 0.010904 2.120227344
2048 0.298918 0.050463 3.592528292
4096 2.521445 0.481515 11.311845445
64 0.000007 0.000115 1.581629252
128 0.000034 0.000242 1.542265815
256 0.000217 0.000378 1.571181475
512 0.001560 0.001859 1.703319244
1024 0.018281 0.012160 2.025134124
2048 0.298688 0.070400 3.653968115
4096 2.480656 0.436099 11.159201517
64 0.000007 0.000112 1.52735183
128 0.000036 0.000196 1.537045037
256 0.000217 0.000282 1.571210526
512 0.001585 0.001761 1.648065019
1024 0.018282 0.012346 2.02604262
2048 0.298635 0.071622 3.588508304
4096 2.493612 0.482619 11.232816922
64 0.000007 0.000172 1.574054535
128 0.000034 0.000128 1.534193766
256 0.000216 0.000539 1.593342143
512 0.001561 0.001652 1.640083552
1024 0.017867 0.010191 2.050025239
2048 0.297745 0.069915 3.657735845
4096 2.485021 0.487979 11.188660619
64 0.000007 0.000165 1.576404492
128 0.000034 0.000126 1.595875435
256 0.000217 0.000358 1.595866764
512 0.001560 0.001688 1.661880838
1024 0.017805 0.014328 2.024482006
2048 0.299863 0.048824 3.634910433
4096 2.482212 0.511041 11.806831229
64 0.000007 0.000091 1.546787908
128 0.000034 0.000144 1.617698554
256 0.000216 0.000265 1.568404716
512 0.001576 0.001876 1.649318822
1024 0.018431 0.010473 2.022518076
2048 0.299011 0.049178 3.593413473
4096 2.485971 0.555707 11.317412583
64 0.000007 0.000096 1.571626297
128 0.000034 0.000231 1.598858424
256 0.000217 0.000272 1.619039649
512 0.002857 0.001974 1.747926312
1024 0.017834 0.015083 2.061783805
2048 0.298069 0.073419 3.603242819
4096 2.481422 0.441845 11.198159137
64 0.000007 0.000146 1.577166107
128 0.000034 0.000119 1.543199888
256 0.000216 0.000530 1.635435539
512 0.001620 0.001722 1.674389283
1024 0.018116 0.013235 2.012886644
2048 0.298700 0.049306 3.601767575
4096 2.490112 0.447181 11.198565043
64 0.000007 0.000158 1.549083839
128 0.000034 0.004500 1.561985424
256 0.000217 0.000282 1.653136373
512 0.001552 0.001765 1.642541785
1024 0.017984 0.014271 2.042237486
2048 0.298722 0.072772 3.610784441
4096 2.481225 0.473740 11.191215226
64 0.000007 0.000124 1.595388453
128 0.000034 0.000145 1.555973975
256 0.000217 0.000575 2.045660973
512 0.001562 0.001692 1.626193462
1024 0.017925 0.010456 2.029898891
2048 0.299144 0.049162 3.633002796
4096 2.481132 0.581443 11.275757926
64 0.000007 0.000094 1.587488213
128 0.000034 0.000109 1.583525487
256 0.000217 0.000334 1.572496135
512 0.001564 0.001809 1.646536363
1024 0.018180 0.010840 2.019947546
2048 0.299806 0.049598 3.619495831
4096 2.486402 0.452962 11.23761107
