64 0.000009 0.000305 1.710077629
128 0.000037 0.000396 1.57623483
256 0.000229 0.000686 1.557581688
512 0.001603 0.001441 1.691062636
1024 0.017980 0.000781 2.166071522
2048 0.296997 0.026208 3.664930567
4096 2.473481 0.147381 11.980107152
64 0.000008 0.000350 1.571422086
128 0.000037 0.000425 1.620206897
256 0.000227 0.000642 1.630866614
512 0.001603 0.001452 1.654167526
1024 0.018145 0.000759 2.070630604
2048 0.297859 0.005222 3.629165437
4096 2.473019 0.090139 11.333608592
64 0.000009 0.000343 1.588017251
128 0.000037 0.000406 1.577292385
256 0.000227 0.000668 1.57631766
512 0.001599 0.001475 1.660685751
1024 0.017769 0.000772 2.065774981
2048 0.297880 0.005659 3.629821811
4096 2.475523 0.128429 11.326242787
64 0.000009 0.000344 1.566620791
128 0.000038 0.000422 1.515702936
256 0.000226 0.000683 1.586051617
512 0.001666 0.001512 1.705191348
1024 0.017887 0.000788 2.057170997
2048 0.298186 0.005024 3.615681457
4096 2.477268 0.261333 11.266372999
64 0.000009 0.000346 1.567453453
128 0.000037 0.000066 1.50632084
256 0.000226 0.000657 1.576636568
512 0.001626 0.001437 1.61772157
1024 0.017855 0.000764 2.047150626
2048 0.297762 0.005210 3.604333805
4096 2.495244 0.081712 11.250285451
64 0.000009 0.000337 1.512418404
128 0.000037 0.000402 1.535319195
256 0.000226 0.000662 1.600242902
512 0.001600 0.001448 1.665873484
1024 0.017909 0.000759 2.059470135
2048 0.298213 0.005082 3.638051942
4096 2.484616 0.195477 11.295923899
64 0.000008 0.000353 1.610174307
128 0.000037 0.000439 1.569358886
256 0.000227 0.000649 1.572061007
512 0.001640 0.001440 1.683916904
1024 0.017946 0.000768 2.096678489
2048 0.298361 0.005161 3.645014857
4096 2.483502 0.125041 11.175345721
64 0.000008 0.000045 1.536819681
128 0.000037 0.000410 1.550212183
256 0.000226 0.000638 1.603231658
512 0.001597 0.001455 1.639288876
1024 0.017930 0.000757 2.023033608
2048 0.298381 0.005069 3.677585559
4096 2.485745 0.165129 11.150506408
64 0.000008 0.000354 1.821811942
128 0.000038 0.000424 1.578638526
256 0.000226 0.000658 1.57130155
512 0.001598 0.001441 1.638440157
1024 0.017824 0.000758 2.131787958
2048 0.298917 0.005119 3.615219401
4096 2.492980 0.150605 11.233733075
64 0.000009 0.000336 1.573840032
128 0.000037 0.000413 1.549821068
256 0.000226 0.000630 1.547061953
512 0.001604 0.001439 1.676072317
1024 0.018159 0.000800 2.040452642
2048 0.297926 0.005172 3.624574817
4096 2.484373 0.083261 11.260533027
64 0.000009 0.000367 1.535850635
128 0.000037 0.000401 1.534830095
256 0.000226 0.000691 1.609302896
512 0.001644 0.001508 1.639951958
1024 0.017912 0.000790 2.035349079
2048 0.299081 0.005029 3.639154003
4096 2.482567 0.259784 11.328901633
64 0.000009 0.000344 1.588254527
128 0.000037 0.000405 1.570517094
256 0.000226 0.000649 1.562243652
512 0.001620 0.001427 1.691883385
1024 0.018078 0.000774 2.032612456
2048 0.300031 0.005125 3.665211443
4096 2.481545 0.153741 11.246984744
64 0.000009 0.000327 1.56882921
128 0.000037 0.000403 1.57317109
256 0.000226 0.000651 1.646528856
512 0.001651 0.001441 1.663925596
1024 0.019152 0.000799 2.052426234
2048 0.299714 0.005186 3.61162423
4096 2.488788 0.083868 11.308057231
64 0.000008 0.000340 1.522388297
128 0.000037 0.000406 1.558901447
256 0.000226 0.000664 1.573989849
512 0.001630 0.001456 1.642103663
1024 0.017850 0.000756 2.09882734
2048 0.297388 0.005043 3.611414982
4096 2.508078 0.084581 11.456463165
64 0.000009 0.000057 1.553553713
128 0.000037 0.000415 1.534109056
256 0.000227 0.000661 1.583701877
512 0.001609 0.001434 1.627327667
1024 0.017912 0.000770 2.04701187
2048 0.298542 0.004944 3.606482466
4096 2.479956 0.335147 11.34704581
64 0.000009 0.000342 1.580250426
128 0.000037 0.000398 1.59524139
256 0.000226 0.000649 1.565204351
512 0.001619 0.001449 1.660737731
1024 0.017843 0.000787 2.028451838
2048 0.297730 0.005015 3.648417174
4096 2.481326 0.095716 11.215522268
64 0.000008 0.000376 1.558901245
128 0.000037 0.000407 1.55545901
256 0.000254 0.000668 1.609504815
512 0.001620 0.001508 1.956136464
1024 0.017822 0.000768 2.095825604
2048 0.298194 0.005114 3.649723507
4096 2.482907 0.095013 11.181417636
64 0.000009 0.000342 1.550739922
128 0.000037 0.000400 1.549957273
256 0.000226 0.000646 1.549246561
512 0.001617 0.001507 1.664880208
1024 0.017732 0.000764 2.077714095
2048 0.299683 0.005285 3.681229332
4096 2.473509 0.320690 11.22499553
64 0.000008 0.000352 1.580139518
128 0.000037 0.000401 1.57833466
256 0.000226 0.000641 1.62820042
512 0.001604 0.001464 1.66720379
1024 0.017816 0.000770 2.021982929
2048 0.297207 0.026288 3.614232156
4096 2.491516 0.133641 11.234507961
64 0.000009 0.000352 1.549509517
128 0.000037 0.000434 1.581217393
256 0.000226 0.000654 1.632518899
512 0.001602 0.001445 1.588090057
1024 0.017797 0.000753 2.115142112
2048 0.297608 0.005060 3.655916271
4096 2.483261 0.030019 11.213961768
64 0.000008 0.000345 1.551031938
128 0.000037 0.000433 1.526157963
256 0.000230 0.000656 1.553435133
512 0.001599 0.001469 1.640766131
1024 0.018374 0.000793 2.084801672
2048 0.299418 0.005109 3.647861465
4096 2.478908 0.287493 11.266884667
64 0.000008 0.000356 1.574611802
128 0.000037 0.000397 1.570307997
256 0.000245 0.000663 1.587494319
512 0.001613 0.001467 1.703790268
1024 0.018100 0.000771 2.148860821
2048 0.298536 0.005084 3.61894789
4096 2.481188 0.163405 11.178826277
64 0.000008 0.000344 1.55323525
128 0.000037 0.000404 1.573993075
256 0.000227 0.000657 1.594890658
512 0.001633 0.001465 1.69826374
1024 0.017623 0.000777 2.061611323
2048 0.298422 0.026481 3.65997935
4096 2.487293 0.162489 11.182511221
64 0.000008 0.000360 1.534135197
128 0.000037 0.000402 1.513063704
256 0.000226 0.000647 1.571032329
512 0.001597 0.001452 1.645426556
1024 0.017960 0.000771 2.042448829
2048 0.298632 0.005022 3.66545678
4096 2.486064 0.217352 11.189216706
64 0.000008 0.000333 1.563395452
128 0.000037 0.000408 1.549620015
256 0.000226 0.000668 1.552767033
512 0.001631 0.001539 1.659002946
1024 0.018619 0.000791 2.055836709
2048 0.299133 0.005115 3.63784557
4096 2.479931 0.247317 11.302359734
