size comp_time   mpi_time  init_time  output_time  real_time
64 0.000007 0.000102 0.045035 0.011784 1.766221491
128 0.000049 0.000130 0.055625 0.014565 1.601587076
256 0.000217 0.001026 0.100174 0.012402 1.694820076
512 0.001550 0.001758 0.095120 0.015933 1.644364918
1024 0.017910 0.014148 0.095122 0.027490 1.745387536
2048 0.300632 0.020418 0.227926 0.064145 2.15926856
4096 2.521573 0.194448 0.921946 0.182056 5.323427717
64 0.000007 0.000119 0.029733 0.010378 1.573961117
128 0.000033 0.000150 0.028286 0.013249 1.57351839
256 0.000216 0.000968 0.027787 0.012042 1.617604916
512 0.001539 0.001616 0.028455 0.015318 1.578008427
1024 0.017692 0.014654 0.030275 0.021820 1.630754582
2048 0.301355 0.019091 0.042296 0.052962 1.968927494
4096 2.500601 0.213525 0.073994 0.183986 4.573199864
64 0.000007 0.000103 0.027264 0.008878 1.596219567
128 0.000033 0.000167 0.027762 0.010991 1.583709571
256 0.000217 0.001009 0.154972 0.011096 1.827976565
512 0.001538 0.001681 0.027145 0.013802 1.553033427
1024 0.017776 0.015630 0.031431 0.023336 1.661706471
2048 0.300233 0.021643 0.039751 0.052422 1.956071798
4096 2.510327 0.179140 0.080773 0.183813 4.499718501
64 0.000007 0.000138 0.024924 0.009169 1.631387007
128 0.000034 0.000142 0.029115 0.010188 1.669297455
256 0.000217 0.000970 0.024840 0.010837 1.558555717
512 0.001536 0.001694 0.028488 0.014513 1.545888805
1024 0.017840 0.017630 0.030126 0.022032 1.621066962
2048 0.300463 0.019356 0.039590 0.053189 1.969004667
4096 2.515485 0.327231 0.071090 0.611463 5.210046063
64 0.000007 0.000106 0.027547 0.009235 1.613463409
128 0.000036 0.000159 0.030553 0.011047 1.594215466
256 0.000232 0.000896 0.028735 0.012623 1.59687964
512 0.001542 0.001842 0.029975 0.014370 1.624214643
1024 0.017900 0.013946 0.033022 0.021801 1.635908676
2048 0.300569 0.019642 0.040139 0.234426 2.138072698
4096 2.503467 0.259157 0.077076 0.237580 4.600435575
64 0.000007 0.000126 0.029502 0.009746 1.593152132
128 0.000033 0.000148 0.029280 0.011911 1.670312328
256 0.000217 0.001001 0.026355 0.011519 1.633005228
512 0.001556 0.001712 0.029568 0.015115 1.620284255
1024 0.018471 0.014377 0.029476 0.020818 1.618228332
2048 0.300883 0.019509 0.036050 0.049474 1.974019845
4096 2.505084 0.168102 0.070770 0.185412 4.475110474
64 0.000007 0.000115 0.033738 0.010381 1.596013751
128 0.000034 0.000140 0.025997 0.010610 1.602083314
256 0.000217 0.000934 0.026204 0.012725 1.581446307
512 0.001555 0.001639 0.026659 0.110854 1.669105392
1024 0.018877 0.019426 0.028224 0.020908 1.60171002
2048 0.299948 0.020974 0.039611 0.050966 1.964436336
4096 2.500065 0.188722 0.075477 0.379989 4.693560555
64 0.000007 0.000102 0.029895 0.010850 1.576705342
128 0.000034 0.000138 0.027370 0.010978 1.579350505
256 0.000218 0.001002 0.025329 0.011139 1.582373236
512 0.001559 0.001629 0.027994 0.018759 1.544406006
1024 0.017530 0.014838 0.040782 0.022234 1.658538129
2048 0.300193 0.020310 0.037403 0.073160 1.951633041
4096 2.503316 0.273135 0.073744 0.188901 4.592354806
64 0.000007 0.000116 0.027241 0.009167 1.643451195
128 0.000034 0.000159 0.028769 0.010507 1.615484766
256 0.000224 0.000962 0.027198 0.010654 1.632410536
512 0.001557 0.001603 0.027666 0.015218 1.618189788
1024 0.018830 0.013607 0.027972 0.020963 1.657641002
2048 0.300767 0.019485 0.046541 0.052546 1.959222434
4096 2.512141 0.217871 0.071396 0.205232 4.553692374
64 0.000008 0.000098 0.026105 0.009482 1.600834691
128 0.000033 0.000155 0.025616 0.010841 1.55793575
256 0.000217 0.001048 0.028642 0.011339 1.574882344
512 0.001543 0.001690 0.028414 0.019129 1.656182022
1024 0.017870 0.013992 0.028730 0.022035 1.632878694
2048 0.301313 0.020659 0.038031 0.051612 1.983505506
4096 2.507305 0.204660 0.071356 0.201359 4.5608009
64 0.000011 0.000095 0.029018 0.010598 1.598681344
128 0.000034 0.000151 0.028869 0.011422 1.601594641
256 0.000224 0.000965 0.028360 0.012587 1.654539784
512 0.002849 0.001113 0.028734 0.031707 1.670134031
1024 0.017805 0.014317 0.027428 0.024263 1.633941954
2048 0.301299 0.018797 0.036276 0.051548 1.953656981
4096 2.536919 0.130711 0.071429 0.232169 4.558974974
64 0.000007 0.000117 0.026581 0.010980 1.625851671
128 0.000034 0.000138 0.031337 0.013366 1.599124568
256 0.000217 0.000970 0.026978 0.012134 1.621744084
512 0.001565 0.001684 0.028381 0.015527 1.609624031
1024 0.018577 0.014039 0.032559 0.026844 1.617922929
2048 0.302774 0.019013 0.038884 0.053205 1.990359393
4096 2.507134 0.130804 0.071765 0.199555 4.488851098
64 0.000007 0.000113 0.023771 0.009840 1.549287858
128 0.000033 0.000618 0.025734 0.010816 1.622104963
256 0.000245 0.001048 0.027827 0.011748 1.629600402
512 0.001550 0.001678 0.028908 0.016747 1.597136116
1024 0.017664 0.014356 0.029974 0.021527 1.583611541
2048 0.306581 0.016975 0.036011 0.051301 1.944180342
4096 2.514296 0.141993 0.071379 0.190344 4.5007409
64 0.000007 0.000123 0.028338 0.010380 1.639601908
128 0.000036 0.000144 0.033210 0.014492 1.571563833
256 0.000217 0.000897 0.029808 0.012007 1.612497795
512 0.002295 0.001362 0.027369 0.014032 1.585057602
1024 0.017718 0.015138 0.035882 0.021638 1.638104227
2048 0.299474 0.021239 0.040124 0.052010 1.9627634
4096 2.514111 0.116398 0.075514 0.204167 4.470647651
64 0.000007 0.000123 0.027886 0.009245 1.599682594
128 0.000033 0.000160 0.026657 0.011570 1.606063524
256 0.000224 0.001110 0.032640 0.013363 1.604943687
512 0.001536 0.001679 0.029270 0.013683 1.57322794
1024 0.017870 0.017793 0.031172 0.020317 1.622487707
2048 0.300922 0.019098 0.037845 0.054793 2.002889277
4096 2.559754 0.117313 0.069337 0.482201 4.765737807
64 0.000007 0.000121 0.027068 0.009751 1.545412439
128 0.000033 0.000143 0.025525 0.010724 1.598181015
256 0.000218 0.001090 0.026737 0.011482 1.595428144
512 0.001534 0.001686 0.039084 0.036641 1.613260536
1024 0.017948 0.014028 0.027379 0.020583 1.628956057
2048 0.301121 0.020825 0.035632 0.050209 1.932637039
4096 2.507812 0.178086 0.073090 0.200383 4.521545895
64 0.000007 0.000130 0.034519 0.009502 1.617422804
128 0.000036 0.000132 0.027202 0.010503 1.576735801
256 0.000225 0.000982 0.029980 0.011352 1.548807846
512 0.001535 0.001675 0.027009 0.015830 1.654178084
1024 0.019070 0.016118 0.029822 0.021624 1.65221107
2048 0.299687 0.021814 0.041399 0.054370 1.964600648
4096 2.551687 0.136587 0.072678 0.180492 4.524363016
64 0.000007 0.000088 0.026398 0.009165 1.637361262
128 0.000033 0.000146 0.026110 0.010911 1.537593483
256 0.000217 0.001058 0.027485 0.010870 1.599854073
512 0.001541 0.001765 0.025851 0.013700 1.542804627
1024 0.017767 0.015499 0.032001 0.019881 1.628215531
2048 0.300752 0.022910 0.040238 0.055544 1.923352546
4096 2.504470 0.176449 0.124466 0.468696 4.840874285
64 0.000007 0.000104 0.034975 0.010692 1.61229736
128 0.000034 0.000147 0.026506 0.012367 1.625191681
256 0.000216 0.001006 0.028306 0.011695 1.625947438
512 0.001536 0.001670 0.030129 0.014889 1.60750938
1024 0.017652 0.014652 0.030736 0.019796 1.661020788
2048 0.299612 0.020375 0.039495 0.050771 1.991300738
4096 2.510943 0.283860 0.072671 0.191153 4.602383389
64 0.000007 0.000109 0.026953 0.009704 1.586998721
128 0.000033 0.000147 0.024887 0.011852 1.572968213
256 0.000217 0.000976 0.026856 0.011500 1.574160965
512 0.001564 0.001693 0.025894 0.014337 1.570526075
1024 0.017732 0.014898 0.028750 0.021122 1.60721926
2048 0.300328 0.019471 0.042546 0.053080 1.992399339
4096 2.501968 0.254870 0.079226 0.199836 4.564467069
64 0.000007 0.000104 0.028652 0.011313 1.586076042
128 0.000033 0.000154 0.031109 0.010983 1.585825177
256 0.000217 0.000989 0.025495 0.011246 1.565731324
512 0.001552 0.001687 0.025362 0.013872 1.557201527
1024 0.017453 0.014975 0.032468 0.021885 1.705094897
2048 0.300177 0.021134 0.037391 0.059811 2.005464218
4096 2.529658 0.168895 0.072813 0.168860 4.506804567
64 0.000007 0.000109 0.032811 0.012808 1.589398119
128 0.000033 0.000148 0.025550 0.009906 1.590027043
256 0.000217 0.000934 0.028396 0.011882 1.578090947
512 0.001576 0.001620 0.026221 0.013706 1.610563133
1024 0.017575 0.014897 0.028610 0.021198 1.651512108
2048 0.300797 0.019745 0.043721 0.050328 1.98554937
4096 2.506162 0.307588 0.072687 0.198104 4.655070966
64 0.000007 0.000093 0.026262 0.009191 1.636189959
128 0.000033 0.000140 0.027137 0.010371 1.603491415
256 0.000216 0.001009 0.025768 0.010843 1.56933056
512 0.001543 0.001734 0.025854 0.014777 1.619175485
1024 0.017996 0.013958 0.029626 0.020672 1.673628631
2048 0.299932 0.022969 0.037455 0.050209 1.995845752
4096 2.500717 0.303834 0.073033 0.200002 4.643601505
64 0.000007 0.000136 0.028374 0.009485 1.587041333
128 0.000034 0.000128 0.026969 0.010991 2.043866447
256 0.000217 0.000998 0.029380 0.012062 1.628259749
512 0.001554 0.001705 0.026708 0.014589 1.621606734
1024 0.017734 0.014871 0.032112 0.019911 1.65186334
2048 0.300150 0.019749 0.039754 0.053783 1.941040402
4096 2.505486 0.173071 0.071112 0.180898 4.474605599
64 0.000007 0.000111 0.029076 0.009446 1.610939726
128 0.000033 0.000140 0.032989 0.012974 1.594358896
256 0.000217 0.000920 0.029170 0.011651 1.555797592
512 0.001553 0.001744 0.028557 0.013858 1.596249013
1024 0.017912 0.014384 0.028084 0.021110 1.644823128
2048 0.300153 0.021198 0.038896 0.051459 1.940948287
4096 2.521566 0.178074 0.070659 0.172202 4.56296597
