64 0.000014 0.021954 2.261329485
128 0.000048 0.023172 1.67859398
256 0.000219 0.023557 1.696580724
512 0.001546 0.021787 5.911639045
1024 0.017528 0.020558 7.695342606
2048 0.299791 0.025928 4.498538471
4096 2.501138 0.333069 11.996742539
64 0.000010 0.023783 1.607778095
128 0.000051 0.022041 1.564402042
256 0.000221 0.022745 1.612382173
512 0.001565 0.022368 1.674991981
1024 0.018004 0.021558 2.14332448
2048 0.299364 0.025800 3.718357431
4096 2.488540 0.229284 16.459392295
64 0.000013 0.021889 10.368092546
128 0.000037 0.022311 1.615533763
256 0.000240 0.027622 1.732950972
512 0.001541 0.024625 1.691227445
1024 0.017738 0.020746 2.115001073
2048 0.300423 0.025217 3.674145586
4096 2.507007 0.175755 11.227199923
64 0.000014 0.023363 1.623555189
128 0.000037 0.022888 1.690445498
256 0.000228 0.022785 1.640945975
512 0.001554 0.021869 1.717222478
1024 0.019057 0.027590 2.159015883
2048 0.300995 0.023631 3.690569833
4096 2.527140 0.168693 11.170401611
64 0.000019 0.022465 1.598315546
128 0.000036 0.022613 1.584471525
256 0.000220 0.022723 1.649688503
512 0.001549 0.023601 1.782915011
1024 0.017939 0.027907 2.149938946
2048 0.300828 0.023489 3.729350245
4096 2.505635 0.304868 21.162425632
64 0.000010 0.021736 1.589519517
128 0.000037 0.024693 1.595191049
256 0.000226 0.028240 1.632588121
512 0.001560 0.022462 1.723828844
1024 0.017765 0.020471 2.116609784
2048 0.302104 0.023799 3.728952772
4096 2.517028 0.173017 11.164150699
64 0.000015 0.022825 1.615700674
128 0.000038 0.024697 1.588257479
256 0.000222 0.022575 1.635340775
512 0.001554 0.022593 1.72238466
1024 0.019790 0.020084 2.139387367
2048 0.300440 0.025940 3.699436746
4096 2.500237 0.260368 11.276833417
64 0.000010 0.021600 1.644828448
128 0.000038 0.022184 1.595214378
256 0.000222 0.023847 1.590208565
512 0.001545 0.022800 1.709442626
1024 0.017484 0.019914 2.111374544
2048 0.299471 0.025191 3.761230801
4096 2.486508 0.172082 11.170224563
64 0.000010 0.027349 1.593574295
128 0.000038 0.024545 1.606115148
256 0.000219 0.023060 1.632385785
512 0.001536 0.022137 1.715127366
1024 0.017546 0.020723 2.128013761
2048 0.300135 0.025090 3.725754858
4096 2.485796 0.256468 11.228522706
64 0.000010 0.026908 1.572056505
128 0.000052 0.022709 1.643714889
256 0.000248 0.023531 1.577726227
512 0.001547 0.024797 1.723210249
1024 0.017525 0.020241 2.099278569
2048 0.300553 0.026573 3.674420379
4096 2.499898 0.299117 11.26134047
64 0.000010 0.021762 1.570386941
128 0.000037 0.023494 1.621388689
256 0.000227 0.023755 1.618123676
512 0.001547 0.022649 1.746011646
1024 0.017532 0.020861 2.121214629
2048 0.300454 0.023704 3.738527443
4096 2.494215 0.312821 11.298015637
64 0.000012 0.026142 1.604424561
128 0.000037 0.023335 1.631858331
256 0.000232 0.022399 1.640444495
512 0.001548 0.022361 1.773945686
1024 0.017926 0.020748 2.171184608
2048 0.301654 0.022062 3.738226914
4096 2.500646 0.213042 11.195752594
64 0.000020 0.021937 1.582153402
128 0.000042 0.022248 1.624040775
256 0.000223 0.024443 1.593573582
512 0.001546 0.024030 1.672130343
1024 0.017687 0.020898 2.145554071
2048 0.300635 0.022735 3.741026917
4096 2.533068 0.262867 11.381878494
64 0.000018 0.023482 1.626322915
128 0.000046 0.022147 1.656265592
256 0.000225 0.025058 1.603172933
512 0.001548 0.022036 1.733905823
1024 0.017637 0.020655 2.157751653
2048 0.300116 0.025988 3.682652641
4096 2.490933 0.364013 11.402413604
64 0.000011 0.023015 1.623009625
128 0.000050 0.023349 1.605596364
256 0.000220 0.022631 1.609611815
512 0.001550 0.023494 1.733038184
1024 0.017567 0.020004 2.159573187
2048 0.300840 0.024767 6.536607111
4096 2.524443 0.353373 19.51496421
64 0.000015 0.022226 1.592213062
128 0.000048 0.024444 1.639705499
256 0.000221 0.022767 1.614055821
512 0.001714 0.022243 1.69769913
1024 0.017833 0.019906 2.127104203
2048 0.299707 0.025628 3.739214798
4096 2.490349 0.232627 11.181855079
64 0.000022 0.026829 1.579228504
128 0.000040 0.024436 1.645159963
256 0.000227 0.022445 1.656569048
512 0.001549 0.022205 1.717147372
1024 0.017494 0.020719 2.090360503
2048 0.300484 0.024058 3.705709782
4096 2.491006 0.215752 11.211605618
64 0.000010 0.021961 1.622333697
128 0.000045 0.022438 1.616731444
256 0.000360 0.024689 1.608467185
512 0.001544 0.022690 1.729897405
1024 0.017535 0.020659 2.118847199
2048 0.300621 0.025358 3.690598409
4096 2.490309 0.279936 11.283104184
64 0.000011 0.024030 1.636960236
128 0.000046 0.022282 1.606338483
256 0.000222 0.023307 1.653985119
512 0.001549 0.021990 1.740835267
1024 0.017513 0.022637 2.122322081
2048 0.299350 0.025174 3.734361506
4096 2.500023 0.208270 11.200768584
64 0.000010 0.023934 1.644929975
128 0.000040 0.022149 1.586787219
256 0.000221 0.022862 1.6379348
512 0.001551 0.027692 1.755961582
1024 0.017675 0.021190 2.106664684
2048 0.299435 0.044436 3.712791901
4096 2.486953 0.288388 11.351465345
64 0.000010 0.021909 1.587403427
128 0.000038 0.023081 1.602523743
256 0.000227 0.022471 1.659899631
512 0.001542 0.025490 1.731351715
1024 0.017787 0.020231 2.126996418
2048 0.301226 0.023409 3.712249369
4096 2.501726 0.230757 11.268600754
64 0.000022 0.021984 1.660205954
128 0.000047 0.023204 1.628466674
256 0.000222 0.022748 1.608502094
512 0.001584 0.022197 1.684424715
1024 0.017652 0.021071 2.149693901
2048 0.299949 0.025780 3.678862237
4096 2.494945 0.167076 11.28162051
64 0.000011 0.022190 1.572723044
128 0.000037 0.021737 1.677032006
256 0.000229 0.025227 1.642880118
512 0.001622 0.022719 1.730988537
1024 0.017622 0.020595 2.100224322
2048 0.299873 0.024667 3.763282607
4096 2.496086 0.274144 11.23651426
64 0.000019 0.023154 1.582649256
128 0.000037 0.022484 1.654026387
256 0.000224 0.024215 1.624545357
512 0.001544 0.022391 1.713754536
1024 0.017443 0.020048 2.146552145
2048 0.301514 0.023494 3.754273125
4096 2.489932 0.325074 11.343978369
64 0.000016 0.021852 1.641319367
128 0.000036 0.022257 1.646728454
256 0.000219 0.023522 1.641245759
512 0.001550 0.023882 1.72765947
1024 0.017547 0.020593 2.152060533
2048 0.300109 0.024223 3.739804289
4096 2.528253 0.216512 11.25129045
