64 0.000024 0.028436 2.115067257
128 0.000077 0.029401 1.962638086
256 0.000369 0.029101 1.980207701
512 0.002572 0.026997 2.040585346
1024 0.016922 0.030950 2.674846038
2048 0.309579 0.040679 4.210361934
4096 2.468036 0.234945 11.314327183
64 0.000015 0.029228 1.985033147
128 0.000066 0.028501 1.955498274
256 0.000337 0.029485 2.003299025
512 0.002558 0.026951 2.052851155
1024 0.020449 0.032920 2.713126353
2048 0.302477 0.042482 4.139515911
4096 2.504980 0.154246 11.055032556
64 0.000030 0.028777 1.975078545
128 0.000088 0.028892 1.958926085
256 0.000355 0.029119 2.038263082
512 0.002088 0.031063 2.050812981
1024 0.022471 0.028984 2.663506541
2048 0.301504 0.049676 4.108134317
4096 2.453378 0.228082 11.039619787
64 0.000016 0.029034 1.968865256
128 0.000057 0.029618 1.965904788
256 0.000381 0.028358 1.961122795
512 0.002529 0.026636 2.323947169
1024 0.019763 0.033297 2.657744968
2048 0.303176 0.037196 4.132742717
4096 2.443351 0.232590 11.143785449
64 0.000017 0.028834 1.938316978
128 0.000068 0.028183 1.98863604
256 0.000366 0.028277 1.999458117
512 0.002328 0.032459 1.996318379
1024 0.016919 0.028561 2.734842178
2048 0.301463 0.055746 4.100506333
4096 2.480819 0.264781 11.16282031
64 0.000016 0.029296 2.004896176
128 0.000064 0.028772 1.982115089
256 0.000372 0.029389 1.966156297
512 0.002489 0.027152 2.089369443
1024 0.017445 0.029402 2.61787895
2048 0.302149 0.047463 4.108238242
4096 2.565557 0.116676 11.093989603
64 0.000021 0.028982 1.947861985
128 0.000066 0.029592 1.951252003
256 0.000334 0.029179 2.048545066
512 0.002560 0.027201 2.08205298
1024 0.017308 0.027723 2.674527338
2048 0.302744 0.049237 4.195938472
4096 2.458850 0.158404 11.067319352
64 0.000021 0.029192 1.963489813
128 0.000079 0.028230 2.011005679
256 0.000348 0.028629 1.997717373
512 0.002314 0.028079 2.030720029
1024 0.019543 0.029673 2.793594967
2048 0.309418 0.071419 4.14876305
4096 2.458811 0.273225 11.151077319
64 0.000016 0.028981 1.968782194
128 0.000033 0.034612 1.998353778
256 0.000382 0.029276 1.979902952
512 0.002328 0.026804 2.04055622
1024 0.019068 0.027679 2.591752369
2048 0.299858 0.060607 4.112886196
4096 2.471780 0.257906 11.160532159
64 0.000022 0.029992 2.021205024
128 0.000061 0.029127 1.940546632
256 0.000338 0.028039 1.989804705
512 0.002338 0.028029 2.024327731
1024 0.020828 0.029538 2.679647516
2048 0.299522 0.056953 4.15632908
4096 2.545881 0.186609 11.246833087
64 0.000016 0.028323 1.979575427
128 0.000032 0.044722 1.911648164
256 0.000358 0.029001 1.962113203
512 0.002559 0.027455 2.023592586
1024 0.017287 0.029470 2.627216263
2048 0.301083 0.048000 4.121084027
4096 2.484135 0.236121 11.306893858
64 0.000015 0.029637 1.948136623
128 0.000064 0.028141 1.985202193
256 0.000335 0.030062 2.021116641
512 0.002330 0.027578 2.091994997
1024 0.016962 0.030904 2.668541585
2048 0.314096 0.043363 4.113441574
4096 2.598926 0.143781 11.170941501
64 0.000017 0.029563 1.937324887
128 0.000063 0.029608 1.936400555
256 0.000362 0.029102 1.993994317
512 0.002580 0.026717 2.039839758
1024 0.020059 0.030525 2.67042106
2048 0.302338 0.045522 4.183137676
4096 2.498189 0.143019 11.059972526
64 0.000016 0.029038 1.986973315
128 0.000081 0.028140 2.02395237
256 0.000340 0.029612 1.995950256
512 0.002694 0.027750 2.082990969
1024 0.016927 0.035811 2.626735286
2048 0.300638 0.057736 4.163301971
4096 2.510541 0.267189 11.226109397
64 0.000016 0.028622 1.993398459
128 0.000086 0.028210 1.955622399
256 0.000351 0.028649 2.017773895
512 0.002337 0.027172 2.087743893
1024 0.016654 0.033653 2.645726673
2048 0.302724 0.057355 4.181886733
4096 2.492743 0.221149 11.130926634
64 0.000016 0.028271 1.960516095
128 0.000059 0.028645 1.96313371
256 0.000357 0.029033 2.033587318
512 0.002423 0.026869 2.050972637
1024 0.016799 0.030782 2.691980567
2048 0.301886 0.046015 4.090707388
4096 2.530268 0.192018 11.130254199
64 0.000020 0.028968 1.978126331
128 0.000058 0.028369 1.98874833
256 0.000355 0.028869 2.015855602
512 0.002499 0.027521 2.067576535
1024 0.017141 0.031602 2.692704979
2048 0.299886 0.050745 4.168724837
4096 2.488066 0.155957 11.036671158
64 0.000015 0.029115 1.939061529
128 0.000064 0.028730 1.991111864
256 0.000364 0.028987 1.978627521
512 0.002520 0.026863 2.087177818
1024 0.017439 0.028052 2.70782192
2048 0.300008 0.055433 4.163264657
4096 2.437961 0.266926 11.096017677
64 0.000028 0.029332 2.000220298
128 0.000058 0.028919 1.983681372
256 0.000339 0.028402 1.957371325
512 0.002557 0.026491 2.055740198
1024 0.020227 0.029385 2.642800001
2048 0.300057 0.047656 4.108059592
4096 2.502188 0.170393 11.052113437
64 0.000046 0.030074 1.954775353
128 0.000066 0.029339 2.001404662
256 0.000363 0.028899 1.970939867
512 0.002310 0.027769 2.071508386
1024 0.019611 0.032752 2.620977942
2048 0.311359 0.048996 4.073580862
4096 2.602849 0.095196 11.068639332
64 0.000024 0.029604 1.976835971
128 0.000076 0.029430 1.949155945
256 0.000392 0.029220 1.995394801
512 0.002349 0.027496 2.088913016
1024 0.018439 0.034516 2.657441993
2048 0.303479 0.045168 4.117976663
4096 2.497185 0.252993 11.16949078
64 0.000029 0.029091 2.018215173
128 0.000074 0.029539 2.0029399
256 0.000357 0.028988 1.954355029
512 0.002496 0.027754 2.044802009
1024 0.017118 0.035943 2.645225148
2048 0.299430 0.044731 4.104799938
4096 2.485343 0.260937 11.136058029
64 0.000028 0.028421 1.928786499
128 0.000061 0.029050 2.015506183
256 0.000377 0.029561 1.985717995
512 0.002487 0.027061 2.046271485
1024 0.021018 0.030835 2.707196848
2048 0.303219 0.045404 4.127167387
4096 2.523876 0.133433 11.022558684
64 0.000015 0.029617 1.950437733
128 0.000059 0.029158 1.968369065
256 0.000372 0.029183 1.962083613
512 0.002519 0.027822 2.082097766
1024 0.018736 0.026755 2.62875775
2048 0.301888 0.058934 4.099510034
4096 2.433208 0.239263 11.057223601
64 0.000018 0.029401 1.969759277
128 0.000075 0.028865 1.953907063
256 0.000359 0.028913 2.034772986
512 0.002510 0.027688 2.07650256
1024 0.017030 0.030244 2.592446442
2048 0.305055 0.048466 4.128297606
4096 2.458988 0.374943 11.354777678
